Date,BAC,JPM,WFC,C,GS,MS,USB,TFC,PNC,TD,FITB,KEY,MTB,HBAN,CFG,RF,BK,STT,ALLY,NYCB,,5/5/23,27.620001,136.440002,37.459999,45.799999,325.059998,83.790001,30.68,27.43,116.610001,82.599998,24.52,9.98,118.75,9.86,26.254999,16.459999,40.91,68.599998,25.09,9.82,,5/8/23,28.08,137.490005,38.43,46.880001,329.640015,85.480003,31.51,29.74,118,82.690002,25.559999,10.05,120.5,10.08,27,16.9,41.529999,69.400002,25.5,10.22,,5/9/23,27.42,135.929993,37.939999,45.91,325.040009,84,29.4,28.33,115.650002,83.730003,24.110001,9.53,115.349998,9.65,25.52,16.120001,41.259998,68.389999,24.6,9.93,,5/10/23,27.959999,137.949997,39.200001,47.150002,329.920013,85.07,30.6,29.1,117.290001,81.010002,25.09,9.93,117.919998,9.94,26.440001,16.530001,41.900002,69.940002,25.879999,10.22,,5/11/23,27.01,135,37.759998,45.740002,319.660004,82.779999,29,27.040001,112.559998,81.790001,23.790001,9.17,113.029999,9.34,24.99,15.91,40.610001,67.559998,24.959999,9.82,,5/12/23,27.52,136.820007,38.459999,46.330002,322.040009,83,29.24,27.16,113.699997,81.5,23.870001,9.2,114.309998,9.35,25,15.63,41.049999,68.389999,25.49,9.9,,5/15/23,27.1,134.270004,37.599998,45.689999,320.420013,82.669998,29.16,27.27,111.900002,82.360001,23.76,9.05,112.089996,9.29,24.799999,15.74,40.310001,67.099998,25.219999,10.18,,5/16/23,27.780001,135.460007,38.68,45.93,322.5,82.720001,29.5,27.75,113.730003,82.230003,24.209999,9.49,115.25,9.71,25.799999,16.120001,40.380001,67.449997,25.450001,10.38,,5/17/23,27.74,135.899994,38.990002,45.779999,322.660004,82.540001,29,27.75,113.489998,82.629997,24.42,9.7,115.209999,9.69,25.57,16.040001,40.139999,67.660004,25.459999,10.75,,5/18/23,28.440001,138.270004,40.32,46.98,330,83.699997,30.24,28.780001,118.769997,82.029999,25.27,10.2,119.529999,10.02,26.219999,16.76,40.470001,68.169998,26.17,10.98,,5/19/23,28.459999,139.789993,40.330002,46.459999,330,83.790001,30.66,30.02,120.639999,82.25,25.209999,10.07,123,10.31,26.459999,17.059999,41.380001,69.68,27.139999,11.07,,5/22/23,28.299999,141,40.200001,45.970001,326.149994,82.25,30.540001,29.950001,119.440002,82.5,25.33,9.92,122.279999,10.26,26.51,17.01,41.040001,68.029999,26.639999,10.96,,5/23/23,28.32,137.539993,41.009998,45.84,323.600006,82,31,30.700001,120.580002,82.349998,25.700001,10.3,124.5,10.57,27.280001,17.530001,41.25,68.529999,26.92,10.89,,5/24/23,28.33,135.399994,40.889999,45.16,320.390015,82.010002,30.83,30.52,120.160004,81.75,25.51,10.3,122.940002,10.39,27.610001,17.52,40.919998,67.699997,26.629999,10.55,,5/25/23,27.99,134.820007,40.619999,44.299999,318.920013,81.209999,30.559999,30.23,119.769997,80.290001,25.07,10.18,120.589996,10.22,26.799999,17.34,40.25,66.919998,26.41,10.55,,5/26/23,28.200001,136.110001,40.900002,44.459999,324.720001,82.970001,30.58,30.5,119.309998,77.800003,25.049999,9.87,121.059998,10.42,26.85,17.440001,40.419998,67.989998,26.370001,10.37,,5/30/23,28.32,136.800003,41.240002,44.73,332.079987,84.160004,30.870001,31.059999,119.529999,78.459999,25.4,9.97,123.410004,10.55,27.190001,17.98,40.799999,68.389999,26.84,10.5,,5/31/23,28.1,136.729996,40.290001,44.200001,326.070007,83.059998,30.15,30.610001,118,78.5,25.1,9.82,122.809998,10.52,26.75,17.709999,40.290001,68.510002,26.67,10.45,,6/1/23,27.76,136.520004,40.209999,44.68,324.51001,82.580002,30.1,31.040001,117.230003,77.050003,24.459999,9.53,120.059998,10.39,26.120001,17.370001,40.529999,68.800003,26.91,10.4,,6/2/23,28.16,139.559998,40.619999,45.470001,318.23999,82.940002,31,31.290001,121.68,77.099998,25.450001,9.9,123.529999,10.76,27,17.709999,41.810001,70.650002,27.690001,10.71,,6/5/23,28.82,140.110001,41.16,46.360001,322.929993,84.400002,31.870001,32.369999,124.010002,77.739998,26.15,10.36,126.059998,10.96,27.950001,18.120001,42.860001,71.610001,28.219999,10.85,,6/6/23,28.459999,138.679993,40.400002,46.189999,322.429993,83.599998,31.23,31.540001,122.949997,79.18,25.49,10.13,125.699997,10.71,27.43,17.82,42.580002,71.779999,27.67,10.61,,6/7/23,29.299999,139.550003,41.450001,47.470001,327.640015,86.050003,32.740002,33.189999,126.260002,77.599998,26.99,10.69,127.540001,11.33,28.879999,18.42,43.439999,74.339996,28.34,10.99,,6/8/23,29.280001,140.669998,41.700001,47.73,335.359985,86.400002,33.099998,33.52,126.980003,77.900002,27.08,10.87,128.809998,11.38,28.799999,18.549999,43.619999,74.080002,28.5,11,,6/9/23,29.200001,140.350006,42.330002,48.099998,335.209991,86.739998,33,33.279999,128.639999,78.25,26.85,10.98,128.529999,11.18,28.74,18.5,43.98,73.75,28.49,10.85,,6/12/23,29.299999,141.070007,42.110001,48.27,338.440002,86.199997,32.709999,32.360001,128.509995,79.18,26.290001,10.67,126.029999,10.95,28,18.299999,44.34,73.650002,27.700001,10.88,,6/13/23,29.129999,140.479996,41.68,48.450001,340.200012,87.839996,32.080002,31.969999,126.620003,78.940002,26,10.22,125.059998,10.9,27.370001,18.15,43.75,73.599998,28.16,11.01,,6/14/23,29.57,143,42.75,48.830002,344.779999,88.599998,33,32.779999,129.5,78.989998,26.360001,10.6,126.209999,11.24,28.5,18.6,44.389999,74.230003,28.959999,10.99,,6/15/23,28.9,140.589996,41.82,48.130001,337.320007,87.629997,32.200001,31.549999,126.510002,80.139999,25.809999,9.85,121.730003,10.64,26.940001,17.98,43.959999,72.809998,28.08,10.78,,6/16/23,29.530001,143.050003,42.580002,48.84,341.380005,89.620003,33.490002,32.189999,129.380005,79.93,26.700001,10.17,125.800003,10.91,28.120001,18.389999,45,74.769997,28.77,10.92,,6/20/23,29.01,142.610001,42.119999,47.91,335.320007,87.099998,33.040001,31.690001,127.599998,80.650002,26.32,9.88,122.57,10.85,27.290001,18.040001,44.459999,73.059998,28.059999,10.63,,6/21/23,28.780001,142.899994,41.849998,47.5,328.450012,86.559998,33.66,31.4,126.349998,80.82,26.889999,9.82,122.620003,10.68,27.139999,17.860001,44.419998,73.120003,27.75,10.71,,6/22/23,28.5,142.309998,41.549999,47.220001,323.690002,85.519997,33.450001,31.5,126.550003,80.610001,26.549999,9.76,122.489998,10.63,27.1,17.65,43.900002,73.029999,27.219999,10.62,,6/23/23,27.74,138.539993,40.529999,46.099998,316.559998,83.260002,31.99,30.09,122.260002,80.18,25.360001,9.5,116.019997,10.16,25.6,17,42.740002,70.540001,26.450001,10.34,,6/26/23,27.799999,138.869995,40.779999,46.119999,315.130005,83.559998,31.870001,30.09,123.589996,79.5,25.73,9.4,116.300003,10.29,25.629999,17.129999,42.950001,71.169998,26.42,10.68,,6/27/23,28.1,139,40.619999,46.200001,312.410004,83.910004,32.290001,30.02,123.43,78.010002,25.940001,9.36,119.029999,10.35,25.66,17.27,43.07,71.269997,25.780001,10.68,,6/28/23,28.25,139.160004,40.919998,46.369999,311.720001,84.540001,32.57,30.450001,123.879997,77.790001,26.030001,9.4,121.190002,10.49,25.809999,17.51,43.779999,72.349998,26.280001,10.98,,6/29/23,28.5,140.070007,41.48,46.169998,317.850006,85.339996,32.18,30.780001,124.739998,79.550003,26.559999,9.44,123,10.71,25.360001,17.6,43.869999,72.43,27.25,11.28,,6/30/23,28.940001,144.600006,42.950001,46.779999,325.820007,86.019997,33.209999,30.959999,126.790001,80.290001,26.559999,9.48,125.339996,10.86,26.309999,17.809999,44.639999,73.400002,27.379999,11.3,,7/3/23,28.700001,146.190002,42.880001,46.080002,322.410004,86.339996,33.16,30.52,126.449997,80.650002,26.389999,9.29,124.199997,10.85,26.33,17.84,44.619999,73.510002,27.110001,11.29,,7/5/23,29.139999,144.940002,43.23,46.709999,323.950012,85.949997,33.330002,30.9,126.459999,81.809998,26.5,9.42,125.860001,10.79,26.030001,18.16,44.689999,73.790001,27.040001,11.28,,7/6/23,28.799999,143.020004,43.220001,46.5,318,84.849998,33,30.67,124.830002,82.879997,26.32,9.32,122.940002,10.67,25.82,17.99,43.810001,72.43,26.450001,11.05,,7/7/23,28.299999,143.910004,42.59,45.23,313.200012,83.010002,32.860001,30.870001,124.260002,83,26.309999,9.38,125.230003,10.65,26.059999,17.870001,43.799999,72.879997,26.290001,11.27,,7/10/23,28.59,144.5,42.709999,45.599998,316.670013,83.419998,33.220001,31.58,124.82,82.449997,26.620001,9.6,127.949997,10.82,26.389999,18.18,44.150002,73.589996,26.6,11.34,,7/11/23,28.66,146.339996,42.349998,45.799999,318.829987,83.900002,34.509998,32.040001,126.150002,80,26.879999,9.63,130.600006,10.9,26.950001,18.6,44.52,75.300003,27.190001,11.49,,7/12/23,29.51,147.449997,43.310001,47.259998,324.579987,86.68,35.650002,33.32,128.449997,80.709999,27.5,10.26,132.729996,11.2,28.059999,19,45.200001,76.830002,28.129999,11.78,,7/13/23,29.52,148.699997,43.470001,47.560001,327.350006,86.230003,35.330002,33.240002,127.879997,81.370003,27.379999,10.28,132.399994,11.16,28.209999,18.98,45.389999,76.279999,28,11.77,,7/14/23,30,151.550003,44.75,48.48,331.98999,87.410004,36.09,34.220001,130,82.07,27.700001,10.75,134.399994,11.48,28.719999,19.48,45.68,74.970001,28.66,11.77,,7/17/23,29.15,150.350006,43.560001,45.810001,325.890015,85.68,35.240002,32.84,126.260002,82.5,26.959999,10.17,130.759995,11.2,27.780001,18.950001,42.66,66.279999,27.26,11.46,,7/18/23,30,153.380005,44.77,46.75,327.299988,87.540001,35.389999,33.099998,125.010002,83.800003,27.25,10.25,130.699997,11.34,28.299999,19.200001,43.759998,67.239998,27.799999,11.81,,7/19/23,30.889999,152.75,45.93,47.080002,338,91.43,36.380001,34.630001,130.220001,83.699997,28,10.77,137.639999,11.65,29.09,19.93,45.619999,68.519997,28.200001,11.96,,7/20/23,31.33,154.529999,46.369999,47.389999,339.160004,93.110001,38.560001,33.919998,132.259995,84.330002,29.200001,11.04,138.199997,11.87,30.57,20.09,45.630001,69.459999,29.25,12.04,,7/21/23,31.870001,155.800003,47.18,47.540001,351.779999,94.269997,39.200001,33.57,134.580002,85.169998,29.32,12.04,139.729996,11.95,31.42,20.620001,45.66,70.830002,29.219999,12.22,,7/24/23,32,154.970001,45.970001,46.98,352.829987,94.010002,38.560001,33.099998,133.869995,86.040001,28.450001,11.5,137.979996,11.85,31.129999,19.950001,45.049999,70.18,28.870001,12.1,,7/25/23,32.759998,157.300003,46.389999,47.490002,357.420013,94.699997,39.189999,33.599998,135.960007,86,28.709999,12.04,140,12.28,32.220001,20.15,45.59,71.139999,29.52,12.23,,7/26/23,32.240002,156.710007,46.48,47.389999,354.48999,94.400002,38.439999,33.27,135.110001,86.050003,28.440001,12.01,140.550003,12.19,31.959999,20.219999,45,70.860001,28.959999,12.23,,7/27/23,32.43,157.770004,46.560001,47.599998,358.130005,93.650002,39.09,33.52,136.869995,86.650002,28.559999,12.54,140.860001,12.23,32.560001,20.360001,45.32,71.860001,29.5,13.56,,7/28/23,32.150002,157.279999,46.049999,48.32,356.109985,92.459999,39.189999,32.610001,134.559998,85.019997,28.93,12.46,139.990005,12.1,32.419998,20.209999,45.889999,71.650002,29.860001,13.62,,7/31/23,31.9,157.179993,46.34,47.59,354.880005,91.900002,39.75,33.310001,136.119995,86.160004,28.969999,12.64,141.380005,12.19,32.419998,20.299999,45.220001,71.389999,29.870001,13.78,,8/1/23,31.84,157.429993,46.009998,47.330002,354,91.199997,39.439999,32.75,136.210007,86.5,29.01,12.22,138.449997,12.21,31.66,20.26,45.209999,71.959999,30.290001,13.74,,8/2/23,31.16,155.559998,45.099998,46.419998,354.98999,89.519997,38.009998,32.400002,134.119995,86.050003,28.41,11.84,136.949997,12.12,30.700001,20.08,44.630001,71.18,29.940001,13.52,,8/3/23,30.940001,155,44.709999,45.970001,349.98999,88.839996,38.330002,32.259998,133.820007,86.949997,28.18,11.89,137.429993,12.03,30.959999,20.17,45.139999,72.489998,29.02,13.38,,8/4/23,31.360001,156.399994,45.099998,45.73,353.339996,89.349998,39.34,32,132.850006,86.059998,28.49,11.94,138.729996,12.18,31.33,20.43,45.5,73.150002,28.610001,13.41,,8/7/23,31.41,156.600006,45.18,45.950001,355.399994,89.449997,39.93,32.240002,132.240005,85.459999,28.629999,11.89,140.419998,12.19,31.469999,20.74,45.59,73.870003,29.32,13.52,,8/8/23,31.299999,154.320007,43.98,45.02,351.700012,87.849998,37.740002,31.4,129.080002,86.089996,27.24,11.62,137.320007,12.05,30.42,20.34,45.27,72.080002,28.459999,13.1,,8/9/23,31.219999,155.320007,44.220001,45.02,346.820007,88.470001,39.889999,32.150002,128.830002,86,27.84,11.81,138.369995,11.86,30.82,20.790001,45.689999,72.559998,29.389999,13.18,,8/10/23,31.01,154.380005,44,44.709999,344.070007,87.910004,39.939999,31.17,128.039993,85.410004,27.719999,11.61,136,11.92,30.85,20.780001,45.450001,72.559998,29.219999,13.15,,8/11/23,30.799999,153.029999,43.509998,44.040001,339.929993,87.059998,39.189999,31.219999,127.349998,85.559998,27.51,11.46,134.110001,11.9,30.549999,20.6,45.619999,72.529999,28.51,12.86,,8/14/23,31.049999,153.610001,43.529999,44.080002,337.410004,86.959999,39.080002,31.27,128.860001,85.669998,27.5,11.47,134.740005,11.87,30.370001,20.459999,45.860001,73.089996,28.5,12.61,,8/15/23,30.5,152.850006,43.130001,43.650002,333.299988,86.410004,38,30.02,125.440002,86.110001,26.309999,10.81,130.949997,11.5,29.040001,20,44.630001,70.419998,27.790001,12.35,,8/16/23,29.75,150.600006,42.66,43.02,330.540009,85.739998,37.439999,29.559999,122.980003,85.150002,25.82,10.62,127.099998,11.27,28.209999,19.620001,44.240002,69.209999,27.32,12.06,,8/17/23,29.440001,150.880005,42.470001,42.84,330,86.599998,37.310001,29.33,123.150002,83.800003,25.790001,10.59,129.240005,11.34,28.27,19.620001,44.439999,69.470001,27.16,12.1,,8/18/23,29.040001,147.649994,42.099998,42.150002,324.320007,84.959999,36.369999,28.5,122.059998,84.599998,25.700001,10.61,127.489998,11.1,27.98,19.450001,43.709999,67.510002,26.5,11.67,,8/21/23,29.219999,149.649994,42.650002,42.619999,325.390015,85.019997,36.900002,29,123.669998,83.660004,25.719999,10.88,128.309998,11.16,27.799999,19.620001,44.009998,67.650002,27.280001,11.85,,8/22/23,29.129999,149.259995,42.459999,42.310001,322.480011,84.709999,36.759998,28.559999,122.889999,84.07,25.610001,10.81,127.849998,11.1,27.389999,19.34,43.939999,67.800003,27.15,12,,8/23/23,28.450001,146.350006,41.560001,41.060001,320.619995,83,35.82,28.139999,118.970001,83.650002,24.879999,10.46,125.43,10.64,26.700001,18.360001,42.950001,66.25,26.139999,11.73,,8/24/23,28.4,147.5,41.450001,41.02,322.149994,83.169998,36.279999,28.549999,119.300003,82.769997,25.33,10.73,126.339996,10.82,26.91,18.799999,43.369999,67.400002,25.98,11.91,,8/25/23,28.639999,147.279999,41.639999,41.259998,320.799988,83.690002,36.41,29.1,118.25,82.400002,25.84,10.97,126.830002,10.95,27.190001,18.799999,43.689999,68.050003,26.43,11.95,,8/28/23,28.690001,147.570007,41.41,41.48,321.339996,83.800003,35.84,29.17,118.660004,80.68,25.65,10.78,126.540001,10.94,27.15,18.719999,43.98,68.019997,26.18,11.92,,8/29/23,28.889999,147.710007,41.869999,41.299999,325.559998,84.410004,36.189999,29.49,118.720001,80.739998,25.780001,10.93,126.82,11,27.51,18.82,44.369999,68.389999,26.08,11.99,,8/30/23,29.219999,148.619995,42.060001,41.689999,330,85.620003,36.549999,30.32,120.370003,82,26.27,11.16,127.949997,11.12,28.209999,18.860001,44.389999,68.540001,26.25,11.92,,8/31/23,28.93,148.259995,41.68,41.509998,329.410004,85.669998,36.509998,30.389999,121.029999,83.480003,26.5,11.16,125.589996,11.06,28.09,18.459999,44.669998,68.650002,26.879999,11.95,,9/1/23,28.76,146.089996,41.549999,41.59,329.670013,86,36.84,30.879999,121.709999,83.269997,26.77,11.42,125.790001,11.2,28.35,18.549999,45.25,69.379997,28.17,12.35,,9/5/23,28.940001,147.160004,41.650002,41.529999,327.339996,85.839996,37.099998,30.84,121.730003,82.959999,26.9,11.52,125.519997,11.17,28.43,18.57,45.400002,69.550003,29.540001,12.18,,9/6/23,28.4,144.699997,41.209999,41.02,322.309998,84.279999,36.259998,30.15,120,83.019997,26.9,11.32,123.089996,11.08,28.09,18.25,45,69.510002,28.190001,11.99,,9/7/23,28.41,144.130005,40.73,41.07,320.619995,83.989998,35.889999,29.48,117,82.5,26.459999,11.02,121.339996,10.86,27.620001,18.059999,44.619999,69.709999,27.690001,11.73,,9/8/23,28.120001,143.369995,40.450001,40.610001,321.920013,84.150002,35.77,29.5,116.32,81.489998,26.120001,10.91,119.709999,10.71,26.950001,17.85,44.810001,69.449997,27.43,11.8,,9/11/23,28.51,144.75,41.380001,40.810001,328.26001,85.379997,36.5,30.290001,118.089996,80.580002,26.59,11.36,122.849998,10.99,27.73,18.15,45.25,71.489998,28.25,12,,9/12/23,28.459999,144.5,41.41,40.57,324.01001,83.339996,36.389999,30.370001,118.18,80.849998,26.57,11.22,127.419998,10.78,27.690001,18.049999,44.990002,71.379997,28.629999,11.99,,9/13/23,29.120001,147.339996,42.709999,41.939999,333.5,86.150002,37.25,30.23,126,81.75,28.200001,11.94,130.550003,11.04,28.620001,18.389999,45.73,72.07,28.93,12.01,,9/14/23,29.17,147.839996,42.810001,42.790001,339,88.080002,35.599998,29.049999,124.800003,82.400002,27.49,11.49,128.020004,10.8,27.870001,18.08,45.700001,72.099998,28.83,11.82,,9/15/23,28.950001,148.919998,42.669998,42.75,345.149994,88.190002,35.32,28.65,126.019997,83.489998,27.32,11.58,127.510002,10.61,27.84,17.799999,45.419998,71.589996,28.33,11.72,,9/18/23,28.799999,148.160004,42.990002,42.599998,342.540009,88.57,34.84,28.75,126,83.769997,27.43,11.66,129.649994,10.66,27.9,17.9,45.060001,71.660004,28.629999,11.64,,9/19/23,28.76,149.5,43.549999,42.790001,343.459991,88.779999,34.560001,28.709999,125.110001,84.019997,27.18,11.4,127.150002,10.61,27.4,17.860001,44.810001,71.309998,28.700001,11.56,,9/20/23,28.809999,149.649994,43.400002,42.950001,342.609985,88.830002,34.75,28.99,125.209999,83.669998,27.15,11.36,127.5,10.69,27.879999,18.120001,44.360001,71.029999,28.629999,11.68,,9/21/23,28.360001,147.580002,42.75,42.060001,334.5,86.339996,34.290001,28.73,123.089996,83.080002,26.65,10.99,126.209999,10.42,27.290001,17.75,43.540001,69.230003,27.370001,11.23,,9/22/23,28.07,147.289993,42.330002,41.75,330.100006,85.230003,33.450001,28.309999,122.43,82.620003,26.459999,10.78,126.309998,10.41,26.99,17.440001,43.200001,68.900002,27.040001,11.14,,9/25/23,27.5,145.350006,40.880001,40.75,327.070007,82.629997,33.209999,27.889999,120.370003,82.220001,25.700001,10.55,123.639999,10.3,26.469999,17.030001,42.439999,67.230003,26.66,11,,9/26/23,27.34,144.600006,41.049999,40.669998,325.609985,82.080002,33.209999,28.48,121.309998,81.370003,25.58,10.45,123.860001,10.29,26.25,17.09,42.5,66.949997,26.51,11.2,,9/27/23,27.23,145.190002,40.630001,40.290001,324.980011,82.410004,33.139999,28.450001,121.879997,82.099998,25.41,10.44,123.82,10.21,25.98,16.92,42.439999,67.050003,26.41,11.31,,9/28/23,27.17,146.279999,40.84,40.48,320.209991,81.480003,32.099998,27.959999,121.980003,81.720001,24.530001,10.24,124.5,10.17,25.780001,16.870001,42.169998,66.82,26.41,11.35,,9/29/23,27.889999,148.600006,41.200001,41.450001,327.200012,83.010002,32.560001,28.389999,123.959999,81.650002,25.280001,10.68,126.540001,10.29,26.6,17.25,43,67.379997,26.790001,11.22,,10/2/23,27.27,144.830002,40.700001,40.990002,322.029999,81.099998,32.619999,28.5,122.019997,82.68,25.360001,10.63,126.68,10.4,26.68,17.08,42.59,66.82,26.58,11.32,,10/3/23,26.49,143.199997,39.380001,40.200001,315.269989,79.580002,31.889999,27.389999,120.629997,82.080002,24.309999,10.34,121.379997,9.98,25.75,16.389999,41.529999,65.449997,25.459999,10.97,,10/4/23,25.879999,143.190002,38.509998,39.689999,304.850006,78.099998,31.4,27.309999,119.669998,79.889999,24.01,10.23,120.760002,9.85,25.59,16.459999,41.310001,64.809998,24.940001,10.75,,10/5/23,25.780001,142.039993,38.759998,39.619999,307.359985,78.480003,31,26.76,119.330002,79.699997,23.9,10.11,122.309998,9.83,25.450001,16.290001,40.93,64.019997,24.639999,10.84,,10/6/23,25.77,142.910004,38.889999,39.68,308.109985,78.720001,31.540001,26.969999,119.599998,78.620003,24.059999,10.12,121.760002,9.94,25.58,16.35,41.549999,64.160004,24.77,10.98,,10/9/23,25.76,143.660004,39.110001,40.18,308.899994,79.599998,31.59,26.940001,119.410004,79.349998,23.99,10.03,123.389999,9.96,25.6,16.389999,41.639999,64.5,24.98,10.94,,10/10/23,26.610001,145.419998,39.919998,41.139999,314.470001,80.25,32.48,29.370001,122.089996,79.870003,24.6,10.32,126.400002,10.19,26.6,16.59,42.169998,65.370003,25.77,10.96,,10/11/23,27.17,146.509995,40.009998,41.639999,315.429993,79.910004,32.59,29.34,123.07,80.949997,25.059999,10.52,126.599998,10.25,26.85,16.549999,42.18,65.440002,24.99,10.92,,10/12/23,26.969999,146.300003,39.689999,41.400002,314.149994,78.870003,32.540001,29.459999,122.910004,81.309998,25.049999,10.51,125.419998,10.17,26.799999,16.52,42.32,65.580002,25.5,10.93,,10/13/23,27.43,148.5,40.830002,42.959999,312,78.199997,32.529999,29.25,120.650002,81.18,24.76,10.72,124.989998,10.12,26.66,16.459999,41.439999,64.760002,24.84,10.71,,10/16/23,27.16,149.449997,41.470001,41.950001,313.179993,78.790001,32.580002,28.860001,117.919998,80.660004,24.639999,10.68,121.790001,10.07,26.08,16.219999,41.540001,64.959999,24.9,10.63,,10/17/23,27.049999,147.570007,41.43,40.650002,313.380005,77.989998,32.459999,28.559999,117.760002,80.82,24.469999,10.62,121.720001,10.13,26.030001,16.440001,41,64.879997,24.82,10.67,,10/18/23,27.540001,146.589996,41.700001,40.939999,307,76.43,34.66,29.469999,118.089996,81.43,25.030001,10.85,124.440002,10.28,25.709999,16.67,43.310001,69,25.33,10.71,,10/19/23,27.25,145.479996,41.48,40.259998,301.959991,74.870003,33.32,29.15,115.099998,80.330002,24.75,10.9,121.419998,10.1,25.610001,16.68,43.25,68.720001,25.34,10.47,,10/20/23,26.799999,144.570007,41.049999,39.970001,298.5,73.120003,32.619999,28.040001,115.800003,79.400002,24.9,10.44,119.290001,9.62,24.75,14.47,42.049999,66.040001,24.360001,10.4,,10/23/23,26.129999,142.940002,40.259998,39.580002,298.290009,72.730003,31.200001,27.02,111.410004,78.220001,23.23,9.82,113.639999,9.68,23.860001,14.25,41.549999,64.779999,23.83,10.02,,10/24/23,25.74,141.190002,39.619999,38.919998,300,71.75,31.41,27.059999,110.199997,78.809998,23.18,9.95,112.089996,9.62,23.700001,14.22,41.57,64.43,23.41,10.14,,10/25/23,25.379999,140.570007,39.07,38.700001,298.600006,71.25,31.08,27.67,110.580002,76.589996,22.799999,9.69,110.970001,9.45,23.120001,14.05,41.59,64.209999,22.540001,10.15,,10/26/23,25.49,139.759995,39.02,38.5,296.959991,71.470001,31.34,27.879999,111.239998,76.919998,23.1,9.79,111.589996,9.5,23.620001,14.09,41.439999,64.040001,23.450001,10.17,,10/27/23,26.07,138.949997,39.380001,39.330002,297.549988,71.910004,31.299999,28.35,113.650002,77.540001,23.639999,10.18,112.110001,9.69,23.59,14.29,41.98,64.160004,23.66,9.72,,10/30/23,25.32,136.440002,39.099998,38.549999,293.450012,70.050003,30.959999,27.879999,112.199997,76.669998,23.15,10.06,110.769997,9.59,23.129999,14.19,42.099998,63.450001,23.76,9.37,,10/31/23,25.74,137.710007,39.639999,39.040001,301.679993,70.769997,31.450001,28.219999,113.370003,77.550003,23.389999,10.09,112.419998,9.56,23.07,14.31,42.32,63.66,23.639999,9.6,,11/1/23,26.440001,139.25,39.959999,39.540001,303.329987,71.169998,31.870001,28.379999,114.75,77.790001,23.65,10.2,112.139999,9.61,23.459999,14.5,42.5,64.809998,24.139999,9.48,,11/2/23,26.709999,140.089996,39.740002,39.990002,309.690002,71.68,32.43,29.02,114.510002,78.129997,24.059999,10.25,113.209999,9.75,23.6,14.69,43.599998,65.5,24.719999,9.59,,11/3/23,28.16,142.190002,41.169998,41.560001,318.459991,74.589996,35.310001,30.85,122.120003,80.480003,25.799999,11.38,121.339996,10.53,26.01,15.86,44.91,67.779999,26.58,9.9,,11/6/23,28.559999,143.169998,41.790001,42.369999,326.660004,76.68,35.650002,31.299999,123.220001,81.230003,26.450001,11.69,122.370003,10.64,26.290001,15.76,45.32,67.910004,27.15,9.75,,11/7/23,28.049999,143.509995,41.18,41.700001,322.130005,75.860001,35.09,30.5,120.93,81.150002,25.99,11.16,120.989998,10.46,25.629999,15.37,44.689999,66.839996,26.34,9.65,,11/8/23,28.16,144.110001,41.07,41.849998,323.950012,75.449997,34.849998,30.49,120.769997,80.760002,26.24,11.32,120.93,10.46,25.83,15.32,44.73,66.410004,26.290001,9.66,,11/9/23,28.07,145.440002,41.299999,42.080002,326,75.68,34.740002,29.98,120.910004,81.370003,25.620001,11.32,119.860001,10.38,25.76,15.33,45.419998,67.07,26.23,9.49,,11/10/23,27.76,144.940002,40.630001,41.700001,323.320007,74.660004,34.18,29.299999,120.510002,81.68,24.889999,10.99,117.870003,10.24,25.200001,15.1,45.32,66.949997,25.790001,9.27,,11/13/23,27.540001,145.699997,40.740002,41.959999,324.160004,74.75,34.029999,29.120001,119.879997,81.949997,24.860001,10.9,117.620003,10.19,25,14.97,45.32,67.160004,25.440001,9.19,,11/14/23,28.5,146.679993,41.5,43.110001,333.529999,76.68,35.200001,30.32,122.75,83.349998,25.969999,11.38,119.980003,10.6,25.969999,15.51,46,68.220001,26.43,9.01,,11/15/23,29.200001,148.460007,42.07,44.48,339.899994,78.57,36.209999,31.120001,126.589996,84.010002,26.629999,11.98,123.410004,10.83,26.6,15.95,46.57,68.93,27.1,9.12,,11/16/23,29.43,150.089996,42.82,44.759998,337.76001,79.980003,37.049999,31.77,128.899994,83.75,27.309999,12.14,125.059998,11,27.33,16.17,46.549999,69.589996,27.65,9.32,,11/17/23,29.709999,152.199997,42.830002,44.939999,339.5,80.330002,37.66,31.780001,130.350006,84.019997,27.450001,12.3,125,11.09,27.35,16.24,46.970001,70.18,27.459999,9.13,,11/20/23,29.98,152.080002,42.860001,45.279999,340,80.029999,37.529999,31.74,129.740005,84.739998,27.5,12.31,126.470001,11.05,27.57,16.32,47.240002,69.720001,27.450001,9.25,,11/21/23,29.99,153.199997,42.639999,45.119999,338.359985,79.07,37.209999,31.950001,129.520004,85,27.379999,12.15,126.169998,11,27.209999,16.200001,47.09,69.75,27.41,9.21,,11/22/23,29.74,153.410004,42.66,45.310001,336.940002,78.790001,37.27,31.93,128.539993,83.690002,27.49,12.13,126.739998,10.98,27.209999,16.120001,47.009998,69.440002,27.129999,9.13,,11/24/23,29.48,153.589996,42.799999,44.889999,338.799988,78.260002,36.799999,31.51,127.699997,83.220001,27.27,12.04,125.050003,10.91,26.68,16.09,47.25,69.849998,27.16,9.15,,11/27/23,29.6,153.429993,42.639999,44.959999,339.190002,78.269997,36.830002,31.549999,127.739998,82.760002,27.09,11.79,124.650002,10.8,26.58,15.92,47.119999,69.879997,26.879999,9.1,,11/28/23,29.530001,153.220001,42.970001,45.029999,337.380005,77.360001,36.669998,31.440001,128.600006,83,27.15,11.75,124.760002,10.8,26.35,15.98,47.02,69.889999,26.780001,9.17,,11/29/23,29.879999,154.169998,43.689999,45.23,337,77.480003,37.349998,31.91,130.470001,82.25,27.68,12.02,126.190002,11,26.790001,16.18,47.27,70.650002,28.17,9.32,,11/30/23,30.209999,154.910004,43.810001,45.790001,341.679993,78.769997,38,32.34,132.619995,82.800003,28.52,12.5,127.029999,11.18,27.379999,16.59,47.720001,71.910004,29.01,9.58,,12/1/23,30.4,155.820007,44.509998,46,341.459991,79.080002,37.900002,32.02,133.690002,83.43,28.950001,12.26,127.5,11.25,27.17,16.620001,48.23,72.800003,29.209999,9.38,,12/4/23,30.530001,156.020004,44.709999,46.790001,346.299988,80.150002,39.209999,33,137.130005,82.699997,30.299999,13.05,131.320007,11.65,28.02,17.34,48.299999,73.169998,30.530001,9.81,,12/5/23,30.68,157.259995,44.950001,47.009998,346.600006,80.68,39.259998,33.119999,139.970001,81.620003,30.530001,13.25,133.529999,11.74,28.33,17.5,48.580002,73.82,30.4,9.74,,12/6/23,30.780001,158.839996,44.799999,47.799999,343.51001,80.779999,39.700001,33.400002,139.990005,81.879997,30.49,13.02,132.419998,11.73,29.4,17.209999,48.689999,73.75,31.1,9.75,,12/7/23,30.59,156.690002,44.790001,47.939999,343.709991,79.760002,39.32,33.529999,140.139999,82.410004,30.4,13.03,131.679993,11.75,28.93,16.969999,47.790001,71.779999,29.76,9.68,,12/8/23,30.67,157.259995,45.360001,48.509998,344.309998,80.279999,39.779999,34,139.940002,82.129997,30.99,13.08,133.139999,11.87,29.33,17.33,48.5,73.150002,29.4,9.79,,12/11/23,30.92,158.520004,45.900002,48.75,351.440002,82.370003,40.290001,34.220001,141.279999,81.010002,31.1,13.25,132.009995,11.97,29.4,17.379999,49.150002,73.830002,29.83,9.7,,12/12/23,30.77,159.229996,45.939999,48.009998,351.410004,82.940002,40.389999,34.610001,140.929993,81.129997,30.879999,13.12,133.169998,11.96,29.49,17.49,49.540001,74.720001,29.93,9.84,,12/13/23,30.75,160.520004,46.5,48,352.940002,83.470001,40.52,34.130001,140.669998,81.599998,30.549999,13.02,131.669998,11.83,29.27,17.25,49.950001,75.269997,30.27,9.89,,12/14/23,32.619999,161.830002,48.439999,50.009998,366.5,87.230003,43.889999,36.700001,149.649994,81.019997,33.240002,14.52,139.979996,12.67,32.790001,18.76,51.48,77.849998,33.599998,11,,12/15/23,33.82,163.080002,50.099998,49.689999,380.190002,91,44.720001,37.439999,152.899994,83.099998,35.07,14.66,143.949997,12.98,33.330002,19.48,51.290001,77.639999,34.630001,11.3,,12/18/23,33.709999,165.919998,50.41,50.16,381.26001,91.660004,45.299999,36.709999,152.809998,84.940002,35.259998,14.44,142.399994,12.99,33.959999,19.690001,52.049999,78,34.93,10.8,,12/19/23,33.029999,166,49.669998,49.419998,376.01001,90.919998,44.130001,36.41,151.449997,83,35.240002,14.15,137.199997,12.7,32.990002,19.110001,51.41,77.339996,34.049999,10.54,,12/20/23,33.380001,167.990005,49.830002,50.700001,380.730011,91.459999,43.73,36.419998,153.800003,83.25,35.330002,14.4,138.5,12.76,33.32,19.26,51.509998,77.330002,34.529999,10.51,,12/21/23,33.240002,166.839996,49.619999,50.41,380.049988,92.139999,42.880001,36.130001,150.990005,84.220001,34.279999,14.27,135,12.59,32.75,19.18,51.049999,76.470001,34.43,10.24,,12/22/23,33.209999,167.5,49.66,50.73,382,92.900002,43.349998,36.669998,151.789993,83.849998,34.619999,14.37,136.970001,12.74,33.130001,19.24,51.59,77.370003,34.389999,10.1,,12/26/23,33.450001,167.460007,49.16,50.880001,380.649994,92.610001,43.619999,36.709999,152.339996,84.849998,34.57,14.33,136.839996,12.67,33.139999,19.299999,51.439999,77.290001,34.34,10.1,,12/27/23,33.799999,167.839996,49.41,51.139999,381.200012,92.690002,43.950001,36.990002,153.5,85.110001,34.849998,14.43,138.550003,12.75,33.389999,19.59,51.939999,77.639999,34.68,10.34,,12/28/23,33.82,169.350006,49.139999,51.400002,384.519989,93.309998,43.43,37.119999,155.440002,85.489998,34.669998,14.41,138.089996,12.79,33.450001,19.57,52.009998,78.550003,34.799999,10.19,,12/29/23,33.939999,170,49.349998,51.560001,385.570007,93.489998,43.52,37.09,155.270004,85.150002,34.75,14.53,138.490005,12.77,33.450001,19.52,52.200001,77.830002,34.939999,10.38,,1/2/24,33.389999,169.089996,49.049999,51.299999,383,92.660004,43.119999,36.630001,153.979996,85.300003,34.299999,14.3,136.559998,12.7,32.799999,19.15,52,77.660004,34.700001,10.2,,1/3/24,33.650002,171.860001,49.09,53.25,383.880005,93.199997,43.380001,37.060001,154.800003,85.25,34.310001,14.36,138,12.8,33,19.200001,52.439999,78.690002,34.650002,10.3,,1/4/24,33.57,170.639999,48.82,53.919998,383.549988,92.150002,42.939999,37.060001,151.889999,84.839996,33.990002,14.2,134.350006,12.5,32.16,18.809999,51.98,76.860001,34.849998,10.19,,1/5/24,33.799999,171.470001,49.400002,54.029999,381.920013,92.209999,42.950001,36.900002,153.169998,85.550003,34.299999,14.34,136.050003,12.68,32.25,18.870001,51.860001,77.18,33.650002,10.21,,1/8/24,34.299999,172.020004,49.380001,53.990002,385.970001,93.209999,43.610001,37.48,156,86.080002,35.209999,14.54,137.360001,12.95,33.119999,19.280001,52.400002,78.120003,34.900002,10.33,,1/9/24,33.82,171.619995,49.439999,53.849998,384.600006,92.75,43.369999,37.57,156.220001,85.400002,35.040001,14.64,136.610001,12.94,33.220001,19.440001,52.52,77.410004,34.23,10.45,,1/10/24,33.5,170,49,53.049999,381.350006,91.529999,43.310001,37.610001,154.5,82.949997,35.259998,14.54,136.559998,12.86,33.18,19.110001,52.779999,77,34,10.49,,1/11/24,33.360001,170.330002,48.889999,51.84,380.890015,90.949997,43.299999,37.459999,154.529999,81.650002,35.459999,14.35,135.839996,12.81,33.099998,18.790001,52.490002,76.349998,33.77,10.45,,1/12/24,32.25,173.800003,47.950001,52.299999,383.339996,91.279999,42.869999,37.439999,151.789993,80.599998,34.75,14.45,135.449997,12.74,32.759998,18.639999,55,77.220001,33.66,10.2,,1/16/24,32.41,164.869995,46.77,51.779999,378.359985,86.739998,41.669998,36.209999,147.720001,80.389999,33.830002,13.93,131,12.41,31.1,17.99,55,76.010002,32.700001,9.9,,1/17/24,31.719999,167.339996,46.240002,51.110001,375.200012,84.849998,41.349998,35.740002,147.259995,80.849998,33.25,13.67,129.369995,12.11,31.59,17.65,54.84,74.779999,32.450001,9.7,,1/18/24,31.75,167.119995,46.549999,51.450001,380.329987,84.830002,40.889999,36.200001,148.949997,79.730003,33.919998,13.45,133.619995,12.28,31.879999,18.049999,54.849998,75.029999,32.57,9.85,,1/19/24,31.799999,167.550003,46.630001,51.119999,376.730011,83.910004,40.290001,36.200001,147,80,34.23,13.23,133.289993,12.25,31.709999,17.950001,54.529999,79.900002,33,9.8,,1/22/24,32.360001,170.460007,48.23,51.990002,386.359985,85.459999,42.099998,37.599998,151.089996,80.139999,34.200001,14.01,140.149994,12.83,32.779999,18.75,55.110001,76,36,10.02,,1/23/24,32.540001,169.669998,48.650002,52.91,379.980011,85.669998,41.970001,37.080002,149.820007,81.5,34.740002,14.24,142.330002,13,33.200001,19.16,54.599998,74.110001,36.5,10.15,,1/24/24,33.029999,169.360001,49.369999,53.540001,381.809998,87.32,42.380001,37.09,150.899994,81.900002,34.619999,14.6,142.720001,12.84,33.380001,19.200001,54.950001,74.349998,36.950001,10.33,,1/25/24,33.209999,172.309998,49.68,53.400002,382.690002,88.139999,42.98,38,152,82.099998,35.060001,14.65,144,13.24,34,19.48,55.139999,73.629997,36.75,10.4,,1/26/24,33.400002,172.610001,49.84,53.860001,378.649994,87.879997,42.619999,37.59,151.070007,82.629997,35.02,14.64,142.690002,12.94,33.610001,19.23,55.459999,74.870003,37,10.2,,1/29/24,33.400002,172.240005,50.16,53.470001,375.890015,87.400002,42.619999,37.669998,151,82.010002,34.720001,14.64,141.100006,13.01,33.599998,19.120001,55.16,74.739998,37.580002,10.39,,1/30/24,33.900002,172.830002,50.630001,55.040001,384,86.980003,42.869999,38.119999,153.300003,82.089996,35.720001,14.85,142.440002,13.12,33.950001,19.370001,56.16,75.080002,37.68,10.44,,1/31/24,34.57,176.199997,51.009998,56.740002,386,87.709999,42.459999,37.41,151.770004,82.849998,34.369999,14.52,137.539993,12.73,33.07,18.860001,55.880001,74.730003,36.650002,5.96,,2/1/24,33.93,173.639999,49.82,56.02,384.429993,87.190002,41.580002,37.25,151.539993,82.529999,34.299999,14.55,137.389999,12.74,32.860001,18.709999,55.5,73.769997,37.279999,6.55,,2/2/24,33.369999,173.300003,48.5,55.599998,381.799988,86.470001,40.5,36.27,143.979996,81.629997,33.349998,13.9,128.830002,12.31,30.43,17.969999,55.490002,73.209999,36.75,5.65,,2/5/24,33.110001,173.860001,48.610001,54.939999,384.600006,86.580002,40.439999,36.490002,146.470001,81.019997,33.369999,14.2,132.190002,12.43,32.330002,18.110001,55.27,72.519997,35.970001,5.98,,2/6/24,32.919998,174.610001,48.52,54.380001,383.019989,85.620003,40.049999,36.290001,145.800003,81.010002,33.369999,14.18,132.830002,12.4,31.49,17.870001,54.900002,72.410004,35.580002,5.47,,2/7/24,33.060001,175.690002,48.450001,54.5,385.309998,86.260002,40.240002,36.419998,149.300003,80.199997,33.619999,13.97,133.059998,12.49,31.790001,17.969999,55.130001,72.68,36,4.25,,2/8/24,33.049999,175,48.18,54.18,386,85.68,39.700001,35.200001,147.169998,80.449997,33.220001,13.78,129.630005,12.24,31.190001,17.700001,55.07,73,36.25,4.3,,2/9/24,33.099998,175,48.220001,54.290001,384.769989,85.690002,40.299999,35.360001,147.869995,79.739998,33.43,13.93,131.070007,12.35,31.24,17.83,55.009998,72.339996,36.18,4.2,,2/12/24,33,174.779999,48,53.57,385,85.860001,40.23,35.779999,147.770004,79.419998,33.700001,13.9,133.309998,12.47,31.5,18.049999,55.119999,72.809998,36.189999,4.99,,2/13/24,33.119999,175.320007,48.400002,53.290001,387.589996,85.860001,40.23,35.380001,146.779999,79.75,33.310001,13.7,134.479996,12.43,31.25,18.059999,55.009998,72.690002,35.93,4.66,,2/14/24,32.98,175.070007,48.599998,53.639999,380.880005,84.540001,40.459999,35.32,146.630005,79.25,33.240002,13.71,134.410004,12.61,31.139999,18.139999,54.389999,71.779999,35.84,4.66,,2/15/24,33.32,176.149994,48.73,54.220001,379.420013,84.449997,40.860001,35.669998,148.75,78.949997,33.610001,14,136.880005,12.78,31.59,18.41,54.790001,71.93,36.439999,4.7,,2/16/24,33.919998,179.610001,51.939999,54.959999,383.23999,85.519997,41.150002,36.07,148.419998,79.629997,33.5,14.01,136.729996,12.77,31.370001,18.32,55.209999,73,36.439999,4.87,,2/20/24,33.779999,179.190002,51.5,54.580002,380.950012,85.940002,41.110001,35.630001,148.020004,80.529999,33.639999,13.85,136.929993,12.68,31.120001,18.32,54.040001,70.860001,35.549999,4.79,,2/21/24,33.360001,179.949997,51.639999,55.259998,381.839996,85.010002,40.959999,35.23,145.570007,80.440002,33.689999,14.1,137.059998,12.74,31.16,18.33,54.970001,71.550003,36.169998,4.65,,2/22/24,33.369999,181.820007,52.830002,55.439999,389.230011,85.949997,41.349998,36.080002,145.789993,80.550003,33.540001,14.32,137.550003,12.94,31.299999,18.33,55.310001,72.5,36.32,4.52,,2/23/24,33.73,183.809998,53.529999,55.990002,390,86.07,41.369999,35.73,145.259995,80.699997,33.470001,14.33,138.119995,12.87,31.08,18.290001,55.599998,72.660004,36.130001,4.6,,2/26/24,33.790001,183.75,53.75,55.959999,391.049988,86.5,41.110001,35.080002,145.399994,81.209999,33.41,13.95,137.600006,12.86,30.93,18.219999,55.330002,73.059998,36,4.52,,2/27/24,33.73,183.309998,54.279999,55.68,392.26001,85.970001,41.25,34.709999,145.470001,81.370003,33.32,13.83,136.699997,12.86,30.73,18.35,55.299999,72.940002,36.32,4.45,,2/28/24,34.220001,183.429993,54.740002,55.52,387.190002,85.43,41.099998,34.720001,145.199997,80.809998,33.75,13.98,137.839996,12.88,30.68,18.5,55.540001,73.32,36.290001,4.66,,2/29/24,34.330002,185.660004,55.040001,55.5,395.220001,86.489998,41.740002,35.23,147.949997,80.5,33.919998,14.16,140,13.1,31,18.6,55.889999,73.900002,36.720001,4.58,,3/1/24,34.529999,185.699997,55.400002,55.48,389.630005,86.220001,41.610001,34.970001,147.460007,82.099998,34.080002,14.19,137.539993,12.91,31.08,18.49,55.939999,73.639999,37.02,3.45,,3/4/24,34.290001,184.710007,54.869999,55.41,388.809998,87.879997,42.419998,35.369999,150.990005,81.089996,34.799999,14.48,138.960007,13.05,31.969999,19,55.16,73.720001,37.549999,3.64,,3/5/24,34.93,186.360001,55.709999,55.75,390.720001,89.190002,42.509998,35.98,153.320007,81,35.439999,14.47,139.190002,13.34,31.73,18.950001,55.400002,73.349998,36.57,2.79,,3/6/24,35.650002,189.25,56.82,57.07,395,86.769997,43.060001,37.169998,148.809998,80.199997,36.290001,14.94,142.949997,13.61,33.66,19.469999,55.82,73.279999,36.099998,3.18,,3/7/24,35.599998,189.910004,57.049999,57.540001,391.899994,86.080002,43.450001,37.790001,151.419998,80.949997,36.25,15.17,142.850006,13.7,33.849998,19.51,55.880001,72.230003,36.099998,3.68,,3/8/24,35.869999,188.440002,57.209999,58.040001,388.730011,86.620003,43.77,37.130001,151.600006,81.800003,36.75,15.2,144.75,13.64,34.389999,19.780001,55.779999,72.330002,36.950001,3.85,,3/11/24,35.389999,187.279999,56.779999,57.150002,385.670013,86.82,43.169998,37.25,150.360001,81.93,36.450001,14.87,142.160004,13.45,34.009998,19.620001,55.040001,72.089996,36.959999,3.45,,3/12/24,35.900002,188.949997,57.25,57.509998,387.619995,87.239998,43.389999,37.299999,153,81,36.669998,14.94,142.910004,13.49,34.240002,19.6,55.75,73.650002,37.509998,3.36,,3/13/24,35.959999,190.360001,57.619999,57.5,388.910004,87.449997,43.23,36.990002,151.520004,81.709999,36.700001,14.85,143.880005,13.41,34.130001,19.4,55.240002,72.519997,38.080002,3.44,,3/14/24,35.919998,191.029999,57.869999,58.330002,394.429993,89,43.09,36,151.789993,81.620003,35.900002,14.75,142.380005,13.3,33.98,19.219999,55.049999,72.480003,38.75,3.8,,3/15/24,35.279999,186.479996,56.860001,56.450001,388.869995,88.480003,41.93,34.580002,147.220001,81.839996,35.099998,14.22,139.25,12.78,32.939999,18.73,53.919998,71.050003,37.259998,3.77,,3/18/24,35.66,190.630005,57.599998,57.849998,388.649994,88.360001,42.470001,35,149.360001,81.099998,35.099998,14.48,141.699997,12.99,33.529999,19.26,54.57,72.510002,37.619999,3.75,,3/19/24,35.889999,192.710007,57.650002,58.59,384.070007,88,42.400002,35.119999,149.309998,81.459999,35.369999,14.35,140.539993,12.99,33.549999,19.129999,54.990002,72.489998,37.889999,3.57,,3/20/24,35.84,194.190002,56.619999,58.490002,386.359985,88.050003,41.919998,35.41,149.690002,80.379997,35.360001,14.38,138.889999,12.95,33.27,19.200001,55.139999,72.540001,37.84,3.55,,3/21/24,36.93,196.520004,57.59,60.310001,399.769989,91.959999,43.75,37.02,154.619995,80.599998,36.75,15.16,143.570007,13.38,35,19.91,56.490002,74.199997,40.09,3.67,,3/22/24,37.41,199.009995,57.810001,61.040001,414.399994,93.519997,44.93,38.27,158.199997,81.379997,37.18,15.44,146.210007,13.65,35.849998,20.25,57.290001,76.07,40.299999,3.61,,3/25/24,37.099998,196.600006,57.080002,60.889999,406.869995,91.769997,43.75,37.610001,156.160004,81.660004,36.380001,15.11,142.539993,13.31,35.18,19.91,56.560001,76.389999,39.25,3.56,,3/26/24,37,194.589996,57.139999,61.150002,406.089996,91.419998,44,37.82,155.139999,81.269997,36.419998,15.3,143.240005,13.38,35.619999,20.049999,56.599998,76.080002,39.599998,3.38,,3/27/24,37.25,196.5,56.380001,62.029999,409.619995,92.029999,43.299999,37.759998,155.970001,81.449997,36,15.18,142.169998,13.35,34.950001,20.129999,56.900002,76.599998,39.560001,3.22,,3/28/24,37.720001,199.490005,57.66,62.73,416.209991,93.75,44.419998,38.830002,159.979996,81.580002,36.740002,15.64,145.25,13.79,35.900002,20.68,57.110001,76.650002,39.810001,3.32,,4/1/24,37.939999,199.990005,57.880001,63.599998,416.679993,94.160004,44.580002,38.919998,161.399994,82.540001,36.970001,15.81,145.440002,13.95,36.18,21.059999,57.459999,76.889999,40.52,3.24,,4/2/24,37.189999,198.389999,57.360001,62.650002,410.73999,92.900002,43.689999,38.119999,159,81.730003,36.41,15.33,141.919998,13.68,35.299999,20.440001,56.98,77.43,39.119999,3.16,,4/3/24,37.400002,199.039993,57.200001,62.860001,411,92.949997,43.23,37.880001,157.630005,81.470001,35.990002,15.25,140.720001,13.6,35.040001,20.370001,57,76.970001,38.200001,3.07,,4/4/24,37.700001,199.149994,57.73,62.150002,418,94.199997,43.57,38.57,158.919998,80.419998,36.169998,15.53,140.960007,13.8,35.459999,20.540001,58,77.989998,39.490002,3.29,,4/5/24,36.810001,196.160004,56.630001,60.82,406.559998,92.25,42.75,37.59,156.75,81.220001,35.220001,14.99,137.5,13.45,33.93,19.940001,56.639999,75.879997,38.25,3.18,,4/8/24,37.200001,197.619995,57.380001,61.669998,409.100006,93,43.290001,38.389999,158.190002,81.379997,35.549999,15.21,139.570007,13.96,34.209999,20.25,56.970001,76.260002,38.470001,3.12,,4/9/24,37.509998,198.070007,57.700001,61.75,411.51001,93.610001,43.82,39.119999,161.259995,79.709999,36.290001,15.5,141.039993,14.05,35.119999,20.5,57.240002,76.68,39.73,3.28,,4/10/24,37.18,195.550003,56.790001,60.52,404.01001,92.269997,43.009998,38.310001,158.899994,80.290001,35.68,15.18,137.229996,13.79,34.27,20.290001,56.5,75.480003,37.959999,3.12,,4/11/24,36.75,196,56.98,60.349998,400.480011,91.720001,42.200001,37.389999,155.429993,79.860001,34.889999,14.92,135.100006,13.57,33.919998,19.719999,55.59,74.220001,38.009998,3.01,,4/12/24,35.810001,188.320007,55.970001,62.290001,392.839996,85.800003,41.209999,36.709999,150.169998,78.580002,34.450001,14.47,133.080002,13.4,33.07,19.049999,55.209999,74.650002,37.490002,2.96,,4/15/24,36.330002,184.5,57.610001,60.18,407,87.800003,42.060001,37.200001,152.360001,78.980003,35.040001,14.83,139.940002,13.41,33.580002,19.379999,55.810001,76.470001,37.720001,2.86,,4/16/24,36.099998,182.899994,56.900002,58.18,404.450012,90.709999,41.25,36.369999,147.179993,78.669998,34.279999,14.28,140.169998,13.19,32.75,19,55.369999,74.900002,36.32,2.89,,4/17/24,34.889999,181.369995,56.880001,57.490002,402.399994,90.129997,39.5,35.790001,149.059998,77.949997,34.52,14.35,138.610001,13.18,33.279999,18.98,54.139999,73.099998,36.369999,2.95,,4/18/24,35.540001,181.100006,57.630001,58.490002,405.48999,90.660004,39.41,35.830002,147.360001,78.300003,34.169998,14.3,138.929993,13.18,33.02,18.889999,54.880001,73.260002,37.490002,2.96,,4/19/24,36.099998,182.399994,59,58.23,404.059998,90.360001,39.459999,35.799999,148.990005,78.260002,36.419998,14.34,139.919998,13,33.02,18.950001,55.419998,73.510002,38.970001,2.93,,4/22/24,37,185.990005,60.400002,59.439999,406.940002,91.110001,40.68,35.84,152.759995,78.879997,36.549999,14.69,144.059998,13.3,34.07,18.84,56.720001,73.790001,39.240002,2.94,,4/23/24,37.939999,191.130005,61.169998,61.080002,417.709991,92.160004,41.130001,37.98,156.5,79.900002,36.639999,14.56,145.789993,13.54,34.5,19.24,57.139999,74.5,39.740002,3.11,,4/24/24,38.02,190.529999,60.599998,62.130001,421.5,93.110001,40.529999,38.580002,156.169998,80.260002,36.580002,14.54,145.630005,13.59,34.709999,19.139999,57.029999,73.699997,39.439999,3.15,,4/25/24,37.93,192.25,60.610001,61.84,420.98999,93,41.34,38.630001,157.369995,80.349998,36.959999,14.92,148.059998,13.69,35.439999,20,57.299999,73.980003,39.299999,3,,4/26/24,37.93,193.570007,59.779999,61.509998,420.230011,92.5,41,37.93,156.070007,80.410004,36.779999,14.63,146.960007,13.5,35.369999,19.66,57.25,73.349998,39.220001,3.05,,4/29/24,37.84,193.479996,59.860001,62.740002,427.570007,91.330002,41.220001,38.290001,156.130005,80.870003,36.830002,14.75,146.240005,13.51,35.240002,19.65,57.389999,73.120003,39.400002,3.02,,4/30/24,37.349998,192.809998,59.599998,61.91,428.5,91.599998,41.049999,38.009998,154.75,80.910004,36.73,14.55,144.470001,13.45,34.299999,19.51,57.189999,73.43,38.580002,2.76,,5/1/24,37.209999,192.270004,59.580002,61.48,426.690002,91.279999,40.59,37.689999,153.240005,80.959999,36.830002,14.59,145.009995,13.5,34.25,19.360001,56.529999,72.510002,38.290001,3.19,,5/2/24,37.369999,193.070007,60.119999,62.189999,431.200012,92.540001,41.610001,38.540001,155.809998,81.300003,37.470001,14.94,147.5,13.78,35.060001,19.790001,56.919998,73.709999,39.150002,3.4,,5/3/24,37.25,192,60.029999,61.509998,435,93.339996,41.549999,38.880001,157.360001,80.5,37.400002,15.11,147,13.8,35.540001,19.91,56.91,73.910004,39.630001,3.4,,,,,,,,,,,,,,,,,,,,,,,,